[
    {
        "camera_id": 1,
        "model": "SIMPLE_RADIAL",
        "image_name": "templeR0001.png",
        "fx": 1552.5417644224121,
        "fy": 1552.5417644224121,
        "cx": 320.0,
        "cy": 240.0,
        "width": 640.0,
        "height": 480.0,
        "rotation": [
            [
                -0.9628805732857133,
                0.0015884946408024833,
                -0.26992309696236216
            ],
            [
                -0.017867309529539535,
                0.9974144865165163,
                0.06960676215117083
            ],
            [
                0.269335777124303,
                0.07184579856728009,
                -0.9603626504550653
            ]
        ],
        "translation": [
            0.48916116122321657,
            -0.2883360792993583,
            3.7331985107658103
        ]
    },
    {
        "camera_id": 1,
        "model": "SIMPLE_RADIAL",
        "image_name": "templeR0006.png",
        "fx": 1552.5417644224121,
        "fy": 1552.5417644224121,
        "cx": 320.0,
        "cy": 240.0,
        "width": 640.0,
        "height": 480.0,
        "rotation": [
            [
                -0.9748931748032623,
                -0.13058365231104524,
                -0.18036409695702876
            ],
            [
                0.13622416509099494,
                0.29098102308126705,
                -0.9469810035327217
            ],
            [
                0.17614276757016673,
                -0.9477752655327567,
                -0.26588676438859316
            ]
        ],
        "translation": [
            0.51076571373329,
            0.034299787912129155,
            3.9042229055440694
        ]
    },
    {
        "camera_id": 1,
        "model": "SIMPLE_RADIAL",
        "image_name": "templeR0002.png",
        "fx": 1552.5417644224121,
        "fy": 1552.5417644224121,
        "cx": 320.0,
        "cy": 240.0,
        "width": 640.0,
        "height": 480.0,
        "rotation": [
            [
                -0.962913196799073,
                -0.015594768534931778,
                -0.2693603137519202
            ],
            [
                0.0015833332819411745,
                0.9979844619108876,
                -0.06343900093912502
            ],
            [
                0.269806724315591,
                -0.06151273834562976,
                -0.96094771685837
            ]
        ],
        "translation": [
            0.49351433467157296,
            -0.27027782437491876,
            3.768097394711785
        ]
    },
    {
        "camera_id": 1,
        "model": "SIMPLE_RADIAL",
        "image_name": "templeR0008.png",
        "fx": 1552.5417644224121,
        "fy": 1552.5417644224121,
        "cx": 320.0,
        "cy": 240.0,
        "width": 640.0,
        "height": 480.0,
        "rotation": [
            [
                -0.9795964095393161,
                -0.13699132129696692,
                -0.14705186944405454
            ],
            [
                0.14438693917012133,
                0.02924609621069174,
                -0.9890890140192229
            ],
            [
                0.13979730403253052,
                -0.9901404161762845,
                -0.008869613266095255
            ]
        ],
        "translation": [
            0.5079072358872051,
            0.10775537428638252,
            3.880145034774187
        ]
    },
    {
        "camera_id": 1,
        "model": "SIMPLE_RADIAL",
        "image_name": "templeR0003.png",
        "fx": 1552.5417644224121,
        "fy": 1552.5417644224121,
        "cx": 320.0,
        "cy": 240.0,
        "width": 640.0,
        "height": 480.0,
        "rotation": [
            [
                -0.9633103601830337,
                -0.03251405918810703,
                -0.2664131864588287
            ],
            [
                0.020634105673886946,
                0.9807248788555738,
                -0.1943011726077818
            ],
            [
                0.26759555984185024,
                -0.19266953041109647,
                -0.9440715377576505
            ]
        ],
        "translation": [
            0.49749709594008185,
            -0.24790206980870294,
            3.800387110069191
        ]
    },
    {
        "camera_id": 1,
        "model": "SIMPLE_RADIAL",
        "image_name": "templeR0007.png",
        "fx": 1552.5417644224121,
        "fy": 1552.5417644224121,
        "cx": 320.0,
        "cy": 240.0,
        "width": 640.0,
        "height": 480.0,
        "rotation": [
            [
                -0.9772911303926999,
                -0.1346159421540766,
                -0.16364777595106464
            ],
            [
                0.14136565091862238,
                0.16111721076682395,
                -0.9767584128816467
            ],
            [
                0.15785372721641308,
                -0.9777115078143908,
                -0.13842835074939397
            ]
        ],
        "translation": [
            0.5094717961320638,
            0.0721278615460187,
            3.894380654253819
        ]
    },
    {
        "camera_id": 1,
        "model": "SIMPLE_RADIAL",
        "image_name": "templeR0004.png",
        "fx": 1552.5417644224121,
        "fy": 1552.5417644224121,
        "cx": 320.0,
        "cy": 240.0,
        "width": 640.0,
        "height": 480.0,
        "rotation": [
            [
                -0.9634130719835083,
                -0.04964765272575983,
                -0.26338254177170045
            ],
            [
                0.03932012421681022,
                0.945880044748388,
                -0.32212554816152367
            ],
            [
                0.26512106774617855,
                -0.32069619817766754,
                -0.9093210477666929
            ]
        ],
        "translation": [
            0.501414508437694,
            -0.22128291419581514,
            3.8276740117133072
        ]
    },
    {
        "camera_id": 1,
        "model": "SIMPLE_RADIAL",
        "image_name": "templeR0005.png",
        "fx": 1552.5417644224121,
        "fy": 1552.5417644224121,
        "cx": 320.0,
        "cy": 240.0,
        "width": 640.0,
        "height": 480.0,
        "rotation": [
            [
                -0.9635227746139621,
                -0.06677060107366013,
                -0.2591631718290136
            ],
            [
                0.05746103646357659,
                0.8941796033469108,
                -0.44400570519633287
            ],
            [
                0.2613849500042882,
                -0.44270139348168247,
                -0.857725704477039
            ]
        ],
        "translation": [
            0.5051665501461553,
            -0.1912535639001795,
            3.850822222182823
        ]
    },
    {
        "camera_id": 1,
        "model": "SIMPLE_RADIAL",
        "image_name": "templeR0009.png",
        "fx": 1552.5417644224121,
        "fy": 1552.5417644224121,
        "cx": 320.0,
        "cy": 240.0,
        "width": 640.0,
        "height": 480.0,
        "rotation": [
            [
                -0.982013841824261,
                -0.13693511966569297,
                -0.12999072069843293
            ],
            [
                0.14466554737276258,
                -0.10328155920780269,
                -0.9840756063082472
            ],
            [
                0.12132886659362903,
                -0.9851810455595194,
                0.1212337147882463
            ]
        ],
        "translation": [
            0.5055052544908595,
            0.14124289106181798,
            3.8615230800648384
        ]
    },
    {
        "camera_id": 1,
        "model": "SIMPLE_RADIAL",
        "image_name": "templeR0010.png",
        "fx": 1552.5417644224121,
        "fy": 1552.5417644224121,
        "cx": 320.0,
        "cy": 240.0,
        "width": 640.0,
        "height": 480.0,
        "rotation": [
            [
                -0.9843207859190426,
                -0.13516028944882752,
                -0.11333263679905663
            ],
            [
                0.14278171585583738,
                -0.23329448297180821,
                -0.9618664490625398
            ],
            [
                0.10356626876054116,
                -0.962966967435034,
                0.24893502687246238
            ]
        ],
        "translation": [
            0.5028863681171561,
            0.1713054532657191,
            3.8383193742422157
        ]
    },
    {
        "camera_id": 1,
        "model": "SIMPLE_RADIAL",
        "image_name": "templeR0011.png",
        "fx": 1552.5417644224121,
        "fy": 1552.5417644224121,
        "cx": 320.0,
        "cy": 240.0,
        "width": 640.0,
        "height": 480.0,
        "rotation": [
            [
                -0.9866948700029641,
                -0.13026789387734286,
                -0.09728057018025572
            ],
            [
                0.13840371025808088,
                -0.3590462761675044,
                -0.9230006416883174
            ],
            [
                0.08530912317350071,
                -0.9241839900122755,
                0.3722986786282739
            ]
        ],
        "translation": [
            0.4993108813221433,
            0.19775948011923425,
            3.8108526886758898
        ]
    },
    {
        "camera_id": 1,
        "model": "SIMPLE_RADIAL",
        "image_name": "templeR0012.png",
        "fx": 1552.5417644224121,
        "fy": 1552.5417644224121,
        "cx": 320.0,
        "cy": 240.0,
        "width": 640.0,
        "height": 480.0,
        "rotation": [
            [
                -0.9889033299228198,
                -0.12394603461584965,
                -0.08189984475299951
            ],
            [
                0.1318736867972646,
                -0.47853250703024264,
                -0.8681105750109531
            ],
            [
                0.06840712534565223,
                -0.8692778728452469,
                0.4895676102272156
            ]
        ],
        "translation": [
            0.4955672143571608,
            0.22043677965339395,
            3.781085376937101
        ]
    },
    {
        "camera_id": 1,
        "model": "SIMPLE_RADIAL",
        "image_name": "templeR0013.png",
        "fx": 1552.5417644224121,
        "fy": 1552.5417644224121,
        "cx": 320.0,
        "cy": 240.0,
        "width": 640.0,
        "height": 480.0,
        "rotation": [
            [
                -0.995289875075033,
                0.08177294704373514,
                -0.05206966203950292
            ],
            [
                -0.0944012703998636,
                -0.6953202706627326,
                0.7124732425518843
            ],
            [
                0.022055945230649313,
                0.7140328468195891,
                0.6997646954103185
            ]
        ],
        "translation": [
            0.4383998724966348,
            0.05966401074548143,
            3.3479670121972656
        ]
    },
    {
        "camera_id": 1,
        "model": "SIMPLE_RADIAL",
        "image_name": "templeR0014.png",
        "fx": 1552.5417644224121,
        "fy": 1552.5417644224121,
        "cx": 320.0,
        "cy": 240.0,
        "width": 640.0,
        "height": 480.0,
        "rotation": [
            [
                -0.9936144559442317,
                0.09255697193473218,
                -0.06452534296633088
            ],
            [
                -0.10710955462261994,
                -0.5940119696121255,
                0.7972937496720188
            ],
            [
                0.03546626914680233,
                0.7991138760550945,
                0.6001326160516605
            ]
        ],
        "translation": [
            0.437328407328574,
            0.021606264246775152,
            3.340009395351598
        ]
    },
    {
        "camera_id": 1,
        "model": "SIMPLE_RADIAL",
        "image_name": "templeR0015.png",
        "fx": 1552.5417644224121,
        "fy": 1552.5417644224121,
        "cx": 320.0,
        "cy": 240.0,
        "width": 640.0,
        "height": 480.0,
        "rotation": [
            [
                -0.9916416962358576,
                0.10197083689150316,
                -0.07904868569506796
            ],
            [
                -0.11872416060690305,
                -0.48132030887474797,
                0.8684672325153688
            ],
            [
                0.05051059269754685,
                0.8705933084330271,
                0.48940368954164903
            ]
        ],
        "translation": [
            0.4369070200279122,
            -0.01703593210490886,
            3.3362323845422446
        ]
    },
    {
        "camera_id": 1,
        "model": "SIMPLE_RADIAL",
        "image_name": "templeR0016.png",
        "fx": 1552.5417644224121,
        "fy": 1552.5417644224121,
        "cx": 320.0,
        "cy": 240.0,
        "width": 640.0,
        "height": 480.0,
        "rotation": [
            [
                -0.9895083436815195,
                0.1091439018637245,
                -0.09466174766302343
            ],
            [
                -0.12819095889426801,
                -0.36106610135321526,
                0.9236873651357141
            ],
            [
                0.06663569495716493,
                0.9261311349585174,
                0.3712691813469362
            ]
        ],
        "translation": [
            0.4372300596199156,
            -0.05545926248293612,
            3.3378232988317507
        ]
    },
    {
        "camera_id": 1,
        "model": "SIMPLE_RADIAL",
        "image_name": "templeR0019.png",
        "fx": 1552.5417644224121,
        "fy": 1552.5417644224121,
        "cx": 320.0,
        "cy": 240.0,
        "width": 640.0,
        "height": 480.0,
        "rotation": [
            [
                -0.9821707569246647,
                0.11967028783548711,
                -0.14498146933799472
            ],
            [
                -0.14199612298923014,
                0.03315316185040251,
                0.9893118663572923
            ],
            [
                0.12319782992431183,
                0.9922599911659712,
                -0.015569349159411994
            ]
        ],
        "translation": [
            0.4415238885713037,
            -0.16554943903586558,
            3.3717595360032697
        ]
    },
    {
        "camera_id": 1,
        "model": "SIMPLE_RADIAL",
        "image_name": "templeR0017.png",
        "fx": 1552.5417644224121,
        "fy": 1552.5417644224121,
        "cx": 320.0,
        "cy": 240.0,
        "width": 640.0,
        "height": 480.0,
        "rotation": [
            [
                -0.9871944136199964,
                0.11486112231946805,
                -0.1106982940111682
            ],
            [
                -0.13519547691937267,
                -0.2340843024735435,
                0.9627703372850753
            ],
            [
                0.08467214853784098,
                0.9654074072198673,
                0.246615419929491
            ]
        ],
        "translation": [
            0.4379502283044479,
            -0.09360975118892592,
            3.3433986760135688
        ]
    },
    {
        "camera_id": 1,
        "model": "SIMPLE_RADIAL",
        "image_name": "templeR0018.png",
        "fx": 1552.5417644224121,
        "fy": 1552.5417644224121,
        "cx": 320.0,
        "cy": 240.0,
        "width": 640.0,
        "height": 480.0,
        "rotation": [
            [
                -0.9849386121754211,
                0.11681510980163179,
                -0.1274761168532685
            ],
            [
                -0.13963876749452586,
                -0.10262545021052616,
                0.9848700582217416
            ],
            [
                0.10196541010835591,
                0.9878371561604269,
                0.11739168646167086
            ]
        ],
        "translation": [
            0.4396460054849006,
            -0.1305505724759052,
            3.3566200358502636
        ]
    },
    {
        "camera_id": 1,
        "model": "SIMPLE_RADIAL",
        "image_name": "templeR0020.png",
        "fx": 1552.5417644224121,
        "fy": 1552.5417644224121,
        "cx": 320.0,
        "cy": 240.0,
        "width": 640.0,
        "height": 480.0,
        "rotation": [
            [
                -0.9796148691066686,
                0.11831553758768222,
                -0.16234574768210966
            ],
            [
                -0.14125227319348735,
                0.16893637462486366,
                0.9754528674653022
            ],
            [
                0.14283733245478183,
                0.9784998389851405,
                -0.1487802458771217
            ]
        ],
        "translation": [
            0.444244342731779,
            -0.1980549906178257,
            3.3922677143009623
        ]
    },
    {
        "camera_id": 1,
        "model": "SIMPLE_RADIAL",
        "image_name": "templeR0021.png",
        "fx": 1552.5417644224121,
        "fy": 1552.5417644224121,
        "cx": 320.0,
        "cy": 240.0,
        "width": 640.0,
        "height": 480.0,
        "rotation": [
            [
                -0.9772003786703305,
                0.11444714791316446,
                -0.17883307932567905
            ],
            [
                -0.13847032085614547,
                0.29497361611842854,
                0.9454187093748537
            ],
            [
                0.16095151496198623,
                0.9486265946770417,
                -0.27240079607607837
            ]
        ],
        "translation": [
            0.44746601195552976,
            -0.22703903633515618,
            3.4173290446250504
        ]
    },
    {
        "camera_id": 1,
        "model": "SIMPLE_RADIAL",
        "image_name": "templeR0022.png",
        "fx": 1552.5417644224121,
        "fy": 1552.5417644224121,
        "cx": 320.0,
        "cy": 240.0,
        "width": 640.0,
        "height": 480.0,
        "rotation": [
            [
                -0.9746430781693234,
                0.1092191327655564,
                -0.1952999007029103
            ],
            [
                -0.13257334738896298,
                0.4212666720618965,
                0.8971949055651064
            ],
            [
                0.18026418873063005,
                0.9003363660587272,
                -0.39610509995890464
            ]
        ],
        "translation": [
            0.45114006447632077,
            -0.2526069972531664,
            3.4453860326359513
        ]
    },
    {
        "camera_id": 1,
        "model": "SIMPLE_RADIAL",
        "image_name": "templeR0023.png",
        "fx": 1552.5417644224121,
        "fy": 1552.5417644224121,
        "cx": 320.0,
        "cy": 240.0,
        "width": 640.0,
        "height": 480.0,
        "rotation": [
            [
                -0.9725360216626386,
                0.10056121865960771,
                -0.2099074269060137
            ],
            [
                -0.12439726926133243,
                0.5376621698884196,
                0.833933276989952
            ],
            [
                0.19672062924089193,
                0.8371420622406754,
                -0.5103862867069389
            ]
        ],
        "translation": [
            0.455334220332431,
            -0.2741858647003341,
            3.477405481295789
        ]
    },
    {
        "camera_id": 1,
        "model": "SIMPLE_RADIAL",
        "image_name": "templeR0024.png",
        "fx": 1552.5417644224121,
        "fy": 1552.5417644224121,
        "cx": 320.0,
        "cy": 240.0,
        "width": 640.0,
        "height": 480.0,
        "rotation": [
            [
                -0.970361539275042,
                0.09089999172825251,
                -0.22390996985300882
            ],
            [
                -0.11412349208866275,
                0.6443532958787608,
                0.7561644388912158
            ],
            [
                0.2130124682953104,
                0.759306276540621,
                -0.6148818315390021
            ]
        ],
        "translation": [
            0.4597829291326084,
            -0.2912376597777927,
            3.51084736566086
        ]
    },
    {
        "camera_id": 1,
        "model": "SIMPLE_RADIAL",
        "image_name": "templeR0025.png",
        "fx": 1552.5417644224121,
        "fy": 1552.5417644224121,
        "cx": 320.0,
        "cy": 240.0,
        "width": 640.0,
        "height": 480.0,
        "rotation": [
            [
                -0.9683899334849033,
                0.07966720970317218,
                -0.2363769710086328
            ],
            [
                -0.10145125527965682,
                0.7399174721170494,
                0.665003591913681
            ],
            [
                0.2278784314657426,
                0.6679635245685398,
                -0.708446293178733
            ]
        ],
        "translation": [
            0.4644492606605394,
            -0.303726903907751,
            3.546624831308042
        ]
    },
    {
        "camera_id": 1,
        "model": "SIMPLE_RADIAL",
        "image_name": "templeR0027.png",
        "fx": 1552.5417644224121,
        "fy": 1552.5417644224121,
        "cx": 320.0,
        "cy": 240.0,
        "width": 640.0,
        "height": 480.0,
        "rotation": [
            [
                -0.9653893203756394,
                0.05138770207036334,
                -0.25570053613668814
            ],
            [
                -0.07137217072439075,
                0.8909232070112073,
                0.44851070495023193
            ],
            [
                0.25085747617073445,
                0.451237346952569,
                -0.8564200974781344
            ]
        ],
        "translation": [
            0.4744068175787952,
            -0.313259947610557,
            3.6226433968472813
        ]
    },
    {
        "camera_id": 1,
        "model": "SIMPLE_RADIAL",
        "image_name": "templeR0026.png",
        "fx": 1552.5417644224121,
        "fy": 1552.5417644224121,
        "cx": 320.0,
        "cy": 240.0,
        "width": 640.0,
        "height": 480.0,
        "rotation": [
            [
                -0.9667998034559724,
                0.06615344669314477,
                -0.24682354330191142
            ],
            [
                -0.08709900377929844,
                0.8227579208993879,
                0.5616788825814714
            ],
            [
                0.24023301933361918,
                0.5645291180160097,
                -0.7896802969138328
            ]
        ],
        "translation": [
            0.46934237335534884,
            -0.31105395151510146,
            3.5847088432658847
        ]
    },
    {
        "camera_id": 1,
        "model": "SIMPLE_RADIAL",
        "image_name": "templeR0028.png",
        "fx": 1552.5417644224121,
        "fy": 1552.5417644224121,
        "cx": 320.0,
        "cy": 240.0,
        "width": 640.0,
        "height": 480.0,
        "rotation": [
            [
                -0.9644786480713945,
                0.03538282390754435,
                -0.2617804293424238
            ],
            [
                -0.05419812236004237,
                0.9434014351480082,
                0.3271945838386149
            ],
            [
                0.2585411010787683,
                0.32976019761791475,
                -0.9079728581405793
            ]
        ],
        "translation": [
            0.47938966175081477,
            -0.31028272400540535,
            3.66173849649171
        ]
    },
    {
        "camera_id": 1,
        "model": "SIMPLE_RADIAL",
        "image_name": "templeR0029.png",
        "fx": 1552.5417644224121,
        "fy": 1552.5417644224121,
        "cx": 320.0,
        "cy": 240.0,
        "width": 640.0,
        "height": 480.0,
        "rotation": [
            [
                -0.9634378671221684,
                0.01890929965894719,
                -0.26726375470964125
            ],
            [
                -0.03643331355732793,
                0.9789953481588098,
                0.20060090215810109
            ],
            [
                0.26544319516295867,
                0.20300380949582883,
                -0.9425122617090245
            ]
        ],
        "translation": [
            0.4843609645114737,
            -0.3019208262984457,
            3.6976508793204514
        ]
    },
    {
        "camera_id": 1,
        "model": "SIMPLE_RADIAL",
        "image_name": "templeR0030.png",
        "fx": 1552.5417644224121,
        "fy": 1552.5417644224121,
        "cx": 320.0,
        "cy": 240.0,
        "width": 640.0,
        "height": 480.0,
        "rotation": [
            [
                -0.9626389719511634,
                0.0016202608224868652,
                -0.2707832794610362
            ],
            [
                -0.01802882419481036,
                0.99737979767028,
                0.0700606929550662
            ],
            [
                0.2701872890773346,
                0.07232505758074828,
                -0.9600874516766593
            ]
        ],
        "translation": [
            0.48930483258717167,
            -0.28864992062989625,
            3.732907481469508
        ]
    },
    {
        "camera_id": 1,
        "model": "SIMPLE_RADIAL",
        "image_name": "templeR0032.png",
        "fx": 1552.5417644224121,
        "fy": 1552.5417644224121,
        "cx": 320.0,
        "cy": 240.0,
        "width": 640.0,
        "height": 480.0,
        "rotation": [
            [
                0.9999412057225551,
                0.010242036476127361,
                0.0035617112382168607
            ],
            [
                -0.010133542919571076,
                0.9995207527536863,
                -0.02925023286405602
            ],
            [
                -0.003859586249842662,
                0.029212420364050095,
                0.9995657747694516
            ]
        ],
        "translation": [
            -0.47786160730371874,
            -0.2730359293888743,
            3.4799402101294166
        ]
    },
    {
        "camera_id": 1,
        "model": "SIMPLE_RADIAL",
        "image_name": "templeR0031.png",
        "fx": 1552.5417644224121,
        "fy": 1552.5417644224121,
        "cx": 320.0,
        "cy": 240.0,
        "width": 640.0,
        "height": 480.0,
        "rotation": [
            [
                -0.9625087777199408,
                -0.009790681701310554,
                -0.2710737821403789
            ],
            [
                -0.005427362113949412,
                0.9998434430373692,
                -0.01684141192605699
            ],
            [
                0.2711962325559668,
                -0.014738791232753472,
                -0.9624112278441308
            ]
        ],
        "translation": [
            0.4922379570441598,
            -0.27734976145570284,
            3.7550264756767997
        ]
    },
    {
        "camera_id": 1,
        "model": "SIMPLE_RADIAL",
        "image_name": "templeR0033.png",
        "fx": 1552.5417644224121,
        "fy": 1552.5417644224121,
        "cx": 320.0,
        "cy": 240.0,
        "width": 640.0,
        "height": 480.0,
        "rotation": [
            [
                0.9997412606228716,
                0.02265200396974071,
                0.002073288293130739
            ],
            [
                -0.022734354679898615,
                0.9980410717780929,
                0.05828523107378263
            ],
            [
                -0.000748949584520597,
                -0.05831728526080853,
                0.9982978179452909
            ]
        ],
        "translation": [
            -0.48098244994954104,
            -0.28445157037424446,
            3.5015319611579354
        ]
    },
    {
        "camera_id": 1,
        "model": "SIMPLE_RADIAL",
        "image_name": "templeR0035.png",
        "fx": 1552.5417644224121,
        "fy": 1552.5417644224121,
        "cx": 320.0,
        "cy": 240.0,
        "width": 640.0,
        "height": 480.0,
        "rotation": [
            [
                0.9981928230553457,
                0.05866076387499208,
                0.013038511510198213
            ],
            [
                -0.05976659193304111,
                0.94657018477912,
                0.3169114068252071
            ],
            [
                0.006248398955612023,
                -0.31711795923413894,
                0.9483655189016873
            ]
        ],
        "translation": [
            -0.49151333111967765,
            -0.30656622977613424,
            3.576051568834725
        ]
    },
    {
        "camera_id": 1,
        "model": "SIMPLE_RADIAL",
        "image_name": "templeR0034.png",
        "fx": 1552.5417644224121,
        "fy": 1552.5417644224121,
        "cx": 320.0,
        "cy": 240.0,
        "width": 640.0,
        "height": 480.0,
        "rotation": [
            [
                0.9991375553507077,
                0.04092702948033579,
                0.00700883340701579
            ],
            [
                -0.04151227660974255,
                0.9807452931017847,
                0.19082819746926968
            ],
            [
                0.0009361508894388582,
                -0.19095457134253188,
                0.9815984287400332
            ]
        ],
        "translation": [
            -0.4862413139657234,
            -0.29790690529382735,
            3.5384440645538056
        ]
    },
    {
        "camera_id": 1,
        "model": "SIMPLE_RADIAL",
        "image_name": "templeR0036.png",
        "fx": 1552.5417644224121,
        "fy": 1552.5417644224121,
        "cx": 320.0,
        "cy": 240.0,
        "width": 640.0,
        "height": 480.0,
        "rotation": [
            [
                0.9969294456502924,
                0.07532624335689538,
                0.021392462624450128
            ],
            [
                -0.07704680613161184,
                0.8948177959058772,
                0.4397327617940988
            ],
            [
                0.013981060772292674,
                -0.4400307593701668,
                0.897873855699004
            ]
        ],
        "translation": [
            -0.49684484924909844,
            -0.30985913671688203,
            3.6148979571489215
        ]
    },
    {
        "camera_id": 1,
        "model": "SIMPLE_RADIAL",
        "image_name": "templeR0037.png",
        "fx": 1552.5417644224121,
        "fy": 1552.5417644224121,
        "cx": 320.0,
        "cy": 240.0,
        "width": 640.0,
        "height": 480.0,
        "rotation": [
            [
                0.9953815727685221,
                0.09059513739310729,
                0.03174973501601863
            ],
            [
                -0.09295058898690356,
                0.8268847428628383,
                0.5546366468487686
            ],
            [
                0.023994011749832695,
                -0.5550262544253036,
                0.8314867072291456
            ]
        ],
        "translation": [
            -0.5021691746578472,
            -0.3080693610037455,
            3.653468246205059
        ]
    },
    {
        "camera_id": 1,
        "model": "SIMPLE_RADIAL",
        "image_name": "templeR0038.png",
        "fx": 1552.5417644224121,
        "fy": 1552.5417644224121,
        "cx": 320.0,
        "cy": 240.0,
        "width": 640.0,
        "height": 480.0,
        "rotation": [
            [
                0.993588128133471,
                0.10435531570367527,
                0.043504019545458426
            ],
            [
                -0.10704894045253895,
                0.7445282418256218,
                0.6589523666184357
            ],
            [
                0.03637521106762318,
                -0.6593843076753,
                0.7509255481146924
            ]
        ],
        "translation": [
            -0.5072843199928488,
            -0.3013834007055412,
            3.691336715687172
        ]
    },
    {
        "camera_id": 1,
        "model": "SIMPLE_RADIAL",
        "image_name": "templeR0039.png",
        "fx": 1552.5417644224121,
        "fy": 1552.5417644224121,
        "cx": 320.0,
        "cy": 240.0,
        "width": 640.0,
        "height": 480.0,
        "rotation": [
            [
                0.991580604907912,
                0.11615756072733893,
                0.057230455671205716
            ],
            [
                -0.11935012596242087,
                0.6483687595661773,
                0.7519132257457444
            ],
            [
                0.050233966628303886,
                -0.7524130333164698,
                0.6567733063183181
            ]
        ],
        "translation": [
            -0.5121261147366727,
            -0.289410135254513,
            3.7273809792118766
        ]
    },
    {
        "camera_id": 1,
        "model": "SIMPLE_RADIAL",
        "image_name": "templeR0040.png",
        "fx": 1552.5417644224121,
        "fy": 1552.5417644224121,
        "cx": 320.0,
        "cy": 240.0,
        "width": 640.0,
        "height": 480.0,
        "rotation": [
            [
                0.9720765821314795,
                0.1345447447354502,
                0.19226239917272842
            ],
            [
                -0.13542642485675804,
                -0.3474578073882384,
                0.9278646213405678
            ],
            [
                0.19164238028708025,
                -0.9279928791478042,
                -0.3195346840780695
            ]
        ],
        "translation": [
            -0.5354792563121433,
            -0.05844167258015641,
            3.906003906159458
        ]
    },
    {
        "camera_id": 1,
        "model": "SIMPLE_RADIAL",
        "image_name": "templeR0041.png",
        "fx": 1552.5417644224121,
        "fy": 1552.5417644224121,
        "cx": 320.0,
        "cy": 240.0,
        "width": 640.0,
        "height": 480.0,
        "rotation": [
            [
                0.9696488900130745,
                0.12690765777098076,
                0.20898678545663163
            ],
            [
                -0.1270245934419972,
                -0.46886956052780815,
                0.874085858409433
            ],
            [
                0.20891573123464846,
                -0.8741028438402106,
                -0.4385184552936723
            ]
        ],
        "translation": [
            -0.5358240229829533,
            -0.019520352564667692,
            3.9080985914680006
        ]
    },
    {
        "camera_id": 1,
        "model": "SIMPLE_RADIAL",
        "image_name": "templeR0042.png",
        "fx": 1552.5417644224121,
        "fy": 1552.5417644224121,
        "cx": 320.0,
        "cy": 240.0,
        "width": 640.0,
        "height": 480.0,
        "rotation": [
            [
                0.9959949653859959,
                -0.08090711137395926,
                0.03805349201940232
            ],
            [
                0.08548411202035805,
                0.7369914354589047,
                -0.670474526475327
            ],
            [
                0.02620105947933858,
                0.6710422217635376,
                0.7409560318216022
            ]
        ],
        "translation": [
            -0.45899066825799834,
            -0.11768022897415968,
            3.352102165664537
        ]
    },
    {
        "camera_id": 1,
        "model": "SIMPLE_RADIAL",
        "image_name": "templeR0043.png",
        "fx": 1552.5417644224121,
        "fy": 1552.5417644224121,
        "cx": 320.0,
        "cy": 240.0,
        "width": 640.0,
        "height": 480.0,
        "rotation": [
            [
                0.9974420898888926,
                -0.0661471921446601,
                0.02708922829199369
            ],
            [
                0.06982594446412678,
                0.8206505845453862,
                -0.5671480896247546
            ],
            [
                0.015284462626177522,
                0.567588906742101,
                0.8231702242826422
            ]
        ],
        "translation": [
            -0.46137016843675127,
            -0.1534478875405481,
            3.367477547641781
        ]
    },
    {
        "camera_id": 1,
        "model": "SIMPLE_RADIAL",
        "image_name": "templeR0044.png",
        "fx": 1552.5417644224121,
        "fy": 1552.5417644224121,
        "cx": 320.0,
        "cy": 240.0,
        "width": 640.0,
        "height": 480.0,
        "rotation": [
            [
                0.9985928866636522,
                -0.04988448228386685,
                0.017994030455261746
            ],
            [
                0.052613361811222496,
                0.8894769760926948,
                -0.45394112301037115
            ],
            [
                0.006639342111663408,
                0.45424910283705144,
                0.8908499714924271
            ]
        ],
        "translation": [
            -0.4643573346557917,
            -0.18659639348197515,
            3.3865655459811177
        ]
    },
    {
        "camera_id": 1,
        "model": "SIMPLE_RADIAL",
        "image_name": "templeR0045.png",
        "fx": 1552.5417644224121,
        "fy": 1552.5417644224121,
        "cx": 320.0,
        "cy": 240.0,
        "width": 640.0,
        "height": 480.0,
        "rotation": [
            [
                0.9994059514512479,
                -0.03250599641282457,
                0.01145008301434525
            ],
            [
                0.03446366104680381,
                0.9424770263750205,
                -0.332489564982948
            ],
            [
                1.646441553006424e-05,
                0.3326866618193588,
                0.9430374249076304
            ]
        ],
        "translation": [
            -0.46795511368847226,
            -0.2167523759755776,
            3.410701632709357
        ]
    },
    {
        "camera_id": 1,
        "model": "SIMPLE_RADIAL",
        "image_name": "templeR0046.png",
        "fx": 1552.5417644224121,
        "fy": 1552.5417644224121,
        "cx": 320.0,
        "cy": 240.0,
        "width": 640.0,
        "height": 480.0,
        "rotation": [
            [
                0.9998695709202085,
                -0.014546841092998747,
                0.0070164493907780776
            ],
            [
                0.015679453542143222,
                0.9784791837798511,
                -0.20574897726631897
            ],
            [
                -0.0038724519955810137,
                0.2058321557087996,
                0.978579648159418
            ]
        ],
        "translation": [
            -0.4719678287851757,
            -0.24332909077094372,
            3.438516128412467
        ]
    },
    {
        "camera_id": 1,
        "model": "SIMPLE_RADIAL",
        "image_name": "templeR0047.png",
        "fx": 1552.5417644224121,
        "fy": 1552.5417644224121,
        "cx": 320.0,
        "cy": 240.0,
        "width": 640.0,
        "height": 480.0,
        "rotation": [
            [
                0.9999896756707989,
                0.0037926151306963795,
                0.0025029227476764987
            ],
            [
                -0.0035965498250657897,
                0.9972394010754009,
                -0.07416631157157298
            ],
            [
                -0.0027772974572851977,
                0.07415654396778638,
                0.9972427455768167
            ]
        ],
        "translation": [
            -0.47623961085970584,
            -0.2660707412009294,
